734344971
628826642
822443523
582445979
558493096
145464644
370962745
339437394
568648041
381158411
227617652
361515376
360349550
775904574
198988578
338499420
800879821
679429468
967150070
341848047
642930677
776642111
663872128
862308774
693073206
652864242
169606284
817710057
507320797
170815157
402263069
698502430
541059060
938644703
171772856
296854700
335523324
401348878
213455043
392158828
659465353
749151805
936285444
279210591
476467820
740421164
656597400
526030586
784906324
369406580
216739365
613793767
787105115
839940142
503422226
396176632
864810513
519565624
992592705
659581200
680605711
568636958
238654247
399757373
680783343
524543431
716756509
884374253
168122421
874895921
636150441
560798366
154102114
805013153
432511907
745919558
742664550
477170236
708957196
228111428
784747562
663916117
445224443
466800470
572667811
398144240
724410241
359621144
940310455
164697717
501011674
261620373
709005735
829836253
773159639
832642821
744858115
800162302
773038285
224884662
694257863
213864336
231406262
930488448
882414777
295294763
895532615
852819212
311875935
702326596
457513958
646195526
109297927
137618276
324681552
130991317
594833437
315606938
434130901
435125528
308399977
958928214
322569305
232489404
220937082
326814811
441027040
135626354
388351250
717762294
286001083
956847621
119693790
101105686
335787707
733325048
316331581
453471010
292924662
884545471
136112912
115302374
314900238
890252248
281876011
153231138
669974920
886892050
303033180
892686672
758202223
426199879
525397127
336022477
696539044
867247844
719978679
973939052
806679816
982511163
218930005
471009660
157412649
946562069
937879990
235890093
301334127
621825009
755093739
540013151
802258897
489087060
825944109
158712956
161466522
590365394
530379740
651160742
722290127
210157900
241010822
108124474
821090382
375292505
934071758
766351538
945969917
666725710
289138324
587197826
793779129
463888235
720944793
840747523
997359102
690187837
500404848
295117270
153873396
165813364
501389698
114520006
295001131
612906317
292158712
180842511
370059643
862873420
380866185
741471951
924315637
701692232
279530706
478754397
466885953
936005521
627526946
151019859
927575516
244859846
847243567
704399200
733401192
156720003
310465993
459202549
788343570
710024225
283629188
272255206
215806391
776764999
741685982
830261028
604381601
871548605
241870537
909094712
530245786
117170278
211059452
523987467
976097300
891127432
157137263
329580595
339192471
149101324
520981234
694989098
623218300
347948809
607238620
212645500
843044102
389606942
452894686
530051153
419577444
199972251
987591630
654838470
146766086
863421964
268806543
154996385
121133375
221211459
940861408
709140401
778277459
804368534
126043684
133038048
653344871
746507571
817331932
216509162
966322757
812385311
398228126
947536705
243448631
288588470
260432444
796203834
977849708
139837299
131071006
314532709
425472993
370222103
615863729
138709518
158903527
860722676
913579348
155698987
554920814
834329452
252200546
387323806
793741170
548012740
755907212
634442357
825290177
721150038
242148871
442926241
518834144
304799357
213991641
632345483
693543186
791981396
522979960
235112631
241434666
636209773
587411510
554595984
105997932
766155792
111057028
519395588
713633681
493454967
493840357
885051572
135440208
368256974
634476093
684428029
872060714
517098438
533604702
868424651
529926870
404833203
717733880
213834522
517379555
557717869
498178046
365367793
906916680
153169282
352272552
990537166
615672279
148048844
654098443
803622685
796754210
929771736
331568162
168785389
565453300
611530483
151638841
677835614
751914889
211508075
780551992
466849108
802290148
340588435
976180445
829556329
611358983
718821115
238046958
764071297
225103049
958663100
959858237
880450154
475611043
911844705
383019041
302320100
735618718
667386703
742455500
348616993
799764287
777252434
462850314
688791217
879380024
487086035
347148198
878001475
456586337
949001275
191031601
835036541
544458612
151497884
281034526
616817906
621731759
668540212
957181344
777306465
657859997
116907607
893095166
700142192
237840108
528074005
376439944
463465427
777366290
631236446
676811513
618093320
397925723
165295866
562821202
643607739
123138590
813660949
879837754
281143839
345240669
394824090
937138929
416649057
938237591
782074126
485028607
134990727
784162674
637440247
360914249
534961648
362798235
939761899
557970742
644023153
996335382
131803499
438095978
785973551
723157984
491483654
124343798
762246933
232237077
624771585
408888380
908852197
661840657
124993763
893518440
204173688
935911393
587019945
312971043
896383422
707451763
926989150
999440541
392837534
900123009
354983603
899840946
787386247
143289413
852647694
348930841
522809389
374222765
214235853
940357531
383936276
762928162
381028264
438595202
172400816
976494926
703971920
398890900
179868513
568604885
308209232
210346510
232631578
887216150
711974376
458369391
899707647
473259899
743889564
888904958
307472158
947219180
984398748
646166794
272499806
363500916
748200292
841976644
171336577
502564460
734354905
984801838
391347038
925006463
968170545
911734622
890723563
897900980
159828755
630843681
299536083
216629847
226989669
851769539
386190998
570895744
353332704
482182062
778329224
129125214
371732062
104850660
244800883
907452221
125505622
346185893
577203654
702489195
565747964
844534268
932475185
179489351
416047065
740402718
612313453
847930828
675913915
828892244
258200595
966412157
128099614
701349071
681436096
325727125
729955408
692322886
288587031
137700935
552683623
758353167
824760048
396378068
484525010
238418923
217253172
858745656
775073524
740148389
398831763
276542644
383634200
186493802
441814220
240931090
671513609
676296286
386754847
194216718
637564280
371854965
471841643
629031060
809928675
334190020
462890808
306524341
989061634
758715330
877408438
925344770
100143691
600928338
581199339
960367492
706726520
366593079
541206773
834414145
735647319
606246839
195563638
576066575
451296120